06/16-17:19:54.476490 [**] [1:42944:2] "OS-WINDOWS Microsoft Windows SMB remote code execution attempt" [**] [Classification: Attempted Administrator Privilege Gain] [Priority: 1] {TCP} 192.168.1.3:35325 -> 192.168.2.2:445

dce_smb.stream_tcp[1084]:
- - - - - - - - - - - -  - - - - - - - - - - - -  - - - - - - - - -
00 00 04 38 FF 53 4D 42  A0 00 00 00 00 18 07 C0  ...8.SMB ........
00 00 00 00 00 00 00 00  00 00 00 00 00 08 FF FE  ........ ........
02 08 40 00 14 01 00 00  1E 00 00 00 D0 03 01 00  ..@..... ........
1E 00 00 00 00 00 00 00  1E 00 00 00 4B 00 00 00  ........ ....K...
D0 03 00 00 68 00 00 00  01 00 00 00 00 EC 03 00  ....h... ........
00 00 00 00 00 00 00 00  00 00 00 00 00 00 00 00  ........ ........
00 00 00 00 00 00 00 00  00 00 00 00 00 00 01 00  ........ ........
00 00 00 00 00 00 00 00  00 00 00 00 00 00 00 00  ........ ........
00 00 00 00 00 00 00 00  00 00 00 00 00 00 00 00  ........ ........
00 00 00 00 00 00 00 00  00 00 00 00 00 00 00 00  ........ ........
00 00 00 00 00 00 00 00  00 00 00 00 00 00 00 00  ........ ........
00 00 00 00 00 00 00 00  00 00 00 00 00 00 00 00  ........ ........
00 00 00 00 00 00 00 00  00 00 00 00 00 00 00 00  ........ ........
00 00 00 00 00 00 00 00  00 00 00 00 00 00 00 00  ........ ........
00 00 00 00 00 00 00 00  00 00 00 00 00 00 00 00  ........ ........
00 00 00 00 00 00 00 00  00 00 00 00 00 00 00 00  ........ ........
00 00 00 00 00 00 00 00  00 00 00 00 00 00 00 00  ........ ........
00 00 00 00 00 00 00 00  00 00 00 00 00 00 00 00  ........ ........
00 00 00 00 00 00 00 00  00 00 00 00 00 00 00 00  ........ ........
00 00 00 00 00 00 00 00  00 00 00 00 00 00 00 00  ........ ........
00 00 00 00 00 00 00 00  00 00 00 00 00 00 00 00  ........ ........
00 00 00 00 00 00 00 00  00 00 00 00 00 00 00 00  ........ ........
00 00 00 00 00 00 00 00  00 00 00 00 00 00 00 00  ........ ........
00 00 00 00 00 00 00 00  00 00 00 00 00 00 00 00  ........ ........
00 00 00 00 00 00 00 00  00 00 00 00 00 00 00 00  ........ ........
00 00 00 00 00 00 00 00  00 00 00 00 00 00 00 00  ........ ........
00 00 00 00 00 00 00 00  00 00 00 00 00 00 00 00  ........ ........
00 00 00 00 00 00 00 00  00 00 00 00 00 00 00 00  ........ ........
00 00 00 00 00 00 00 00  00 00 00 00 00 00 00 00  ........ ........
00 00 00 00 00 00 00 00  00 00 00 00 00 00 00 00  ........ ........
00 00 00 00 00 00 00 00  00 00 00 00 00 00 00 00  ........ ........
00 00 00 00 00 00 00 00  00 00 00 00 00 00 00 00  ........ ........
00 00 00 00 00 00 00 00  00 00 00 00 00 00 00 00  ........ ........
00 00 00 00 00 00 00 00  00 00 00 00 00 00 00 00  ........ ........
00 00 00 00 00 00 00 00  00 00 00 00 00 00 00 00  ........ ........
00 00 00 00 00 00 00 00  00 00 00 00 00 00 00 00  ........ ........
00 00 00 00 00 00 00 00  00 00 00 00 00 00 00 00  ........ ........
00 00 00 00 00 00 00 00  00 00 00 00 00 00 00 00  ........ ........
00 00 00 00 00 00 00 00  00 00 00 00 00 00 00 00  ........ ........
00 00 00 00 00 00 00 00  00 00 00 00 00 00 00 00  ........ ........
00 00 00 00 00 00 00 00  00 00 00 00 00 00 00 00  ........ ........
00 00 00 00 00 00 00 00  00 00 00 00 00 00 00 00  ........ ........
00 00 00 00 00 00 00 00  00 00 00 00 00 00 00 00  ........ ........
00 00 00 00 00 00 00 00  00 00 00 00 00 00 00 00  ........ ........
00 00 00 00 00 00 00 00  00 00 00 00 00 00 00 00  ........ ........
00 00 00 00 00 00 00 00  00 00 00 00 00 00 00 00  ........ ........
00 00 00 00 00 00 00 00  00 00 00 00 00 00 00 00  ........ ........
00 00 00 00 00 00 00 00  00 00 00 00 00 00 00 00  ........ ........
00 00 00 00 00 00 00 00  00 00 00 00 00 00 00 00  ........ ........
00 00 00 00 00 00 00 00  00 00 00 00 00 00 00 00  ........ ........
00 00 00 00 00 00 00 00  00 00 00 00 00 00 00 00  ........ ........
00 00 00 00 00 00 00 00  00 00 00 00 00 00 00 00  ........ ........
00 00 00 00 00 00 00 00  00 00 00 00 00 00 00 00  ........ ........
00 00 00 00 00 00 00 00  00 00 00 00 00 00 00 00  ........ ........
00 00 00 00 00 00 00 00  00 00 00 00 00 00 00 00  ........ ........
00 00 00 00 00 00 00 00  00 00 00 00 00 00 00 00  ........ ........
00 00 00 00 00 00 00 00  00 00 00 00 00 00 00 00  ........ ........
00 00 00 00 00 00 00 00  00 00 00 00 00 00 00 00  ........ ........
00 00 00 00 00 00 00 00  00 00 00 00 00 00 00 00  ........ ........
00 00 00 00 00 00 00 00  00 00 00 00 00 00 00 00  ........ ........
00 00 00 00 00 00 00 00  00 00 00 00 00 00 00 00  ........ ........
00 00 00 00 00 00 00 00  00 00 00 00 00 00 00 00  ........ ........
00 00 00 00 00 00 00 00  00 00 00 00 00 00 00 00  ........ ........
00 00 00 00 00 00 00 00  00 00 00 00 00 00 00 00  ........ ........
00 00 00 00 00 00 00 00  00 00 00 00 00 00 00 00  ........ ........
00 00 00 00 00 00 00 00  00 00 00 00 00 00 00 00  ........ ........
00 00 00 00 00 00 00 00  00 00 00 00 00 00 00 00  ........ ........
00 00 00 00 00 00 00 00  00 00 00 00              ........ ....
- - - - - - - - - - - -  - - - - - - - - - - - -  - - - - - - - - -

06/16-17:19:52.917886 [**] [1:44487:4] "POLICY-OTHER SMBv1 protocol detection attempt" [**] [Classification: Potential Corporate Privacy Violation] [Priority: 1] {TCP} 192.168.1.3:34875 -> 192.168.2.2:445
192.168.1.3:34875 -> 192.168.2.2:445
TCP TTL:64 TOS:0x0 ID:14086 IpLen:20 DgmLen:140 DF
***AP*** Seq: 0x5D138032  Ack: 0xB625891A  Win: 0x1F6  TcpLen: 32
TCP Options (3) => NOP NOP TS: 4282582551 308866

06/16-17:19:52.917886 [**] [1:44485:4] "POLICY-OTHER SMBv1 protocol detection attempt" [**] [Classification: Potential Corporate Privacy Violation] [Priority: 1] {TCP} 192.168.1.3:34875 -> 192.168.2.2:445
192.168.1.3:34875 -> 192.168.2.2:445
TCP TTL:64 TOS:0x0 ID:14086 IpLen:20 DgmLen:140 DF
***AP*** Seq: 0x5D138032  Ack: 0xB625891A  Win: 0x1F6  TcpLen: 32
TCP Options (3) => NOP NOP TS: 4282582551 308866

06/16-17:19:52.917886 [**] [1:44489:4] "POLICY-OTHER SMBv1 protocol detection attempt" [**] [Classification: Potential Corporate Privacy Violation] [Priority: 1] {TCP} 192.168.1.3:34875 -> 192.168.2.2:445
192.168.1.3:34875 -> 192.168.2.2:445
TCP TTL:64 TOS:0x0 ID:14086 IpLen:20 DgmLen:140 DF
***AP*** Seq: 0x5D138032  Ack: 0xB625891A  Win: 0x1F6  TcpLen: 32
TCP Options (3) => NOP NOP TS: 4282582551 308866

06/16-17:19:52.963711 [**] [1:5730:13] "OS-WINDOWS Microsoft Windows SMB-DS Trans Max Param OS-WINDOWS attempt" [**] [Classification: Generic Protocol Command Decode] [Priority: 3] {TCP} 192.168.1.3:34875 -> 192.168.2.2:445

dce_smb.stream_tcp[78]:
- - - - - - - - - - - -  - - - - - - - - - - - -  - - - - - - - - -
00 00 00 4A FF 53 4D 42  25 00 00 00 00 18 01 28  ...J.SMB %......(
00 00 00 00 00 00 00 00  00 00 00 00 00 08 66 9A  ........ ......f.
03 08 3B 96 10 00 00 00  00 FF FF FF FF 00 00 00  ..;..... ........
00 00 00 00 00 00 00 00  00 4A 00 00 00 4A 00 02  ........ .J...J..
00 23 00 00 00 07 00 5C  50 49 50 45 5C 00        .#.....\ PIPE\.
- - - - - - - - - - - -  - - - - - - - - - - - -  - - - - - - - - -

06/16-17:19:54.438482 [**] [1:44489:4] "POLICY-OTHER SMBv1 protocol detection attempt" [**] [Classification: Potential Corporate Privacy Violation] [Priority: 1] {TCP} 192.168.1.3:35325 -> 192.168.2.2:445
192.168.1.3:35325 -> 192.168.2.2:445
TCP TTL:64 TOS:0x0 ID:17854 IpLen:20 DgmLen:103 DF
***AP*** Seq: 0x85AE1006  Ack: 0x9C020F39  Win: 0x1F6  TcpLen: 32
TCP Options (3) => NOP NOP TS: 4282584072 309018

06/16-17:19:54.476490 [**] [1:42944:2] "OS-WINDOWS Microsoft Windows SMB remote code execution attempt" [**] [Classification: Attempted Administrator Privilege Gain] [Priority: 1] {TCP} 192.168.1.3:35325 -> 192.168.2.2:445

dce_smb.stream_tcp[1084]:
- - - - - - - - - - - -  - - - - - - - - - - - -  - - - - - - - - -
00 00 04 38 FF 53 4D 42  A0 00 00 00 00 18 07 C0  ...8.SMB ........
00 00 00 00 00 00 00 00  00 00 00 00 00 08 FF FE  ........ ........
02 08 40 00 14 01 00 00  1E 00 00 00 D0 03 01 00  ..@..... ........
1E 00 00 00 00 00 00 00  1E 00 00 00 4B 00 00 00  ........ ....K...
D0 03 00 00 68 00 00 00  01 00 00 00 00 EC 03 00  ....h... ........
00 00 00 00 00 00 00 00  00 00 00 00 00 00 00 00  ........ ........
00 00 00 00 00 00 00 00  00 00 00 00 00 00 01 00  ........ ........
00 00 00 00 00 00 00 00  00 00 00 00 00 00 00 00  ........ ........
00 00 00 00 00 00 00 00  00 00 00 00 00 00 00 00  ........ ........
00 00 00 00 00 00 00 00  00 00 00 00 00 00 00 00  ........ ........
00 00 00 00 00 00 00 00  00 00 00 00 00 00 00 00  ........ ........
00 00 00 00 00 00 00 00  00 00 00 00 00 00 00 00  ........ ........
00 00 00 00 00 00 00 00  00 00 00 00 00 00 00 00  ........ ........
00 00 00 00 00 00 00 00  00 00 00 00 00 00 00 00  ........ ........
00 00 00 00 00 00 00 00  00 00 00 00 00 00 00 00  ........ ........
00 00 00 00 00 00 00 00  00 00 00 00 00 00 00 00  ........ ........
00 00 00 00 00 00 00 00  00 00 00 00 00 00 00 00  ........ ........
00 00 00 00 00 00 00 00  00 00 00 00 00 00 00 00  ........ ........
00 00 00 00 00 00 00 00  00 00 00 00 00 00 00 00  ........ ........
00 00 00 00 00 00 00 00  00 00 00 00 00 00 00 00  ........ ........
00 00 00 00 00 00 00 00  00 00 00 00 00 00 00 00  ........ ........
00 00 00 00 00 00 00 00  00 00 00 00 00 00 00 00  ........ ........
00 00 00 00 00 00 00 00  00 00 00 00 00 00 00 00  ........ ........
00 00 00 00 00 00 00 00  00 00 00 00 00 00 00 00  ........ ........
00 00 00 00 00 00 00 00  00 00 00 00 00 00 00 00  ........ ........
00 00 00 00 00 00 00 00  00 00 00 00 00 00 00 00  ........ ........
00 00 00 00 00 00 00 00  00 00 00 00 00 00 00 00  ........ ........
00 00 00 00 00 00 00 00  00 00 00 00 00 00 00 00  ........ ........
00 00 00 00 00 00 00 00  00 00 00 00 00 00 00 00  ........ ........
00 00 00 00 00 00 00 00  00 00 00 00 00 00 00 00  ........ ........
00 00 00 00 00 00 00 00  00 00 00 00 00 00 00 00  ........ ........
00 00 00 00 00 00 00 00  00 00 00 00 00 00 00 00  ........ ........
00 00 00 00 00 00 00 00  00 00 00 00 00 00 00 00  ........ ........
00 00 00 00 00 00 00 00  00 00 00 00 00 00 00 00  ........ ........
00 00 00 00 00 00 00 00  00 00 00 00 00 00 00 00  ........ ........
00 00 00 00 00 00 00 00  00 00 00 00 00 00 00 00  ........ ........
00 00 00 00 00 00 00 00  00 00 00 00 00 00 00 00  ........ ........
00 00 00 00 00 00 00 00  00 00 00 00 00 00 00 00  ........ ........
00 00 00 00 00 00 00 00  00 00 00 00 00 00 00 00  ........ ........
00 00 00 00 00 00 00 00  00 00 00 00 00 00 00 00  ........ ........
00 00 00 00 00 00 00 00  00 00 00 00 00 00 00 00  ........ ........
00 00 00 00 00 00 00 00  00 00 00 00 00 00 00 00  ........ ........
00 00 00 00 00 00 00 00  00 00 00 00 00 00 00 00  ........ ........
00 00 00 00 00 00 00 00  00 00 00 00 00 00 00 00  ........ ........
00 00 00 00 00 00 00 00  00 00 00 00 00 00 00 00  ........ ........
00 00 00 00 00 00 00 00  00 00 00 00 00 00 00 00  ........ ........
00 00 00 00 00 00 00 00  00 00 00 00 00 00 00 00  ........ ........
00 00 00 00 00 00 00 00  00 00 00 00 00 00 00 00  ........ ........
00 00 00 00 00 00 00 00  00 00 00 00 00 00 00 00  ........ ........
00 00 00 00 00 00 00 00  00 00 00 00 00 00 00 00  ........ ........
00 00 00 00 00 00 00 00  00 00 00 00 00 00 00 00  ........ ........
00 00 00 00 00 00 00 00  00 00 00 00 00 00 00 00  ........ ........
00 00 00 00 00 00 00 00  00 00 00 00 00 00 00 00  ........ ........
00 00 00 00 00 00 00 00  00 00 00 00 00 00 00 00  ........ ........
00 00 00 00 00 00 00 00  00 00 00 00 00 00 00 00  ........ ........
00 00 00 00 00 00 00 00  00 00 00 00 00 00 00 00  ........ ........
00 00 00 00 00 00 00 00  00 00 00 00 00 00 00 00  ........ ........
00 00 00 00 00 00 00 00  00 00 00 00 00 00 00 00  ........ ........
00 00 00 00 00 00 00 00  00 00 00 00 00 00 00 00  ........ ........
00 00 00 00 00 00 00 00  00 00 00 00 00 00 00 00  ........ ........
00 00 00 00 00 00 00 00  00 00 00 00 00 00 00 00  ........ ........
00 00 00 00 00 00 00 00  00 00 00 00 00 00 00 00  ........ ........
00 00 00 00 00 00 00 00  00 00 00 00 00 00 00 00  ........ ........
00 00 00 00 00 00 00 00  00 00 00 00 00 00 00 00  ........ ........
00 00 00 00 00 00 00 00  00 00 00 00 00 00 00 00  ........ ........
00 00 00 00 00 00 00 00  00 00 00 00 00 00 00 00  ........ ........
00 00 00 00 00 00 00 00  00 00 00 00 00 00 00 00  ........ ........
00 00 00 00 00 00 00 00  00 00 00 00              ........ ....
- - - - - - - - - - - -  - - - - - - - - - - - -  - - - - - - - - -

06/16-17:20:04.576068 [**] [1:44489:4] "POLICY-OTHER SMBv1 protocol detection attempt" [**] [Classification: Potential Corporate Privacy Violation] [Priority: 1] {TCP} 192.168.1.3:46403 -> 192.168.2.2:445
192.168.1.3:46403 -> 192.168.2.2:445
TCP TTL:64 TOS:0x0 ID:63938 IpLen:20 DgmLen:103 DF
***AP*** Seq: 0x187648F5  Ack: 0x838855  Win: 0x1F6  TcpLen: 32
TCP Options (3) => NOP NOP TS: 4282594209 310032

06/16-17:20:04.623689 [**] [1:44489:4] "POLICY-OTHER SMBv1 protocol detection attempt" [**] [Classification: Potential Corporate Privacy Violation] [Priority: 1] {TCP} 192.168.1.3:35549 -> 192.168.2.2:445
192.168.1.3:35549 -> 192.168.2.2:445
TCP TTL:64 TOS:0x0 ID:40039 IpLen:20 DgmLen:103 DF
***AP*** Seq: 0xA27ED85D  Ack: 0x6AC5B3E3  Win: 0x1F6  TcpLen: 32
TCP Options (3) => NOP NOP TS: 4282594257 310037

